 Wavelength    Flux  
0.2 1.2148672737304385e-05
0.2002583221197802 1.2805404966193246e-05
0.2005169778911482 1.1555401765248073e-05
0.20077596774505196 9.542829415658988e-06
0.20103529211299606 1.2385038972771966e-05
0.20129495142704232 1.3591058579642958e-05
0.20155494611981073 1.379767061991542e-05
0.20181527662447996 1.4601472826671753e-05
0.20207594337478824 1.1256205784147293e-05
0.202336946805034 1.0734120931098828e-05
0.20259828735007662 8.84195146242349e-06
0.20285996544533713 1.4212076754018845e-05
0.203121981526799 1.6355242278984857e-05
0.20338433603100875 1.1606312899691793e-05
0.2036470293950768 1.6585049454994886e-05
0.20391006205667817 1.4899833352328333e-05
0.2041734344540531 1.7696207886128814e-05
0.20443714702600793 1.7994989611395737e-05
0.20470120021191576 1.7202208666256385e-05
0.2049655944517172 1.7070165556373207e-05
0.20523033018592104 1.759071076458672e-05
0.2054954078556051 1.85177910070376e-05
0.20576082790241684 1.91131818201618e-05
0.20602659076857424 1.7381882709428502e-05
0.20629269689686633 1.936010727333948e-05
0.20655914673065415 1.809504267006279e-05
0.2068259407138714 1.9850737599862778e-05
0.20709307929102505 7.874552878185113e-05
0.20736056290719634 4.5992206970577906e-05
0.20762839200804134 3.3701058884360774e-05
0.20789656703979165 3.0367015868497687e-05
0.20816508844925535 4.261680508096039e-05
0.20843395668381753 2.8140560593329927e-05
0.2087031721914412 3.6583506435962006e-05
0.20897273542066788 4.669545242171043e-05
0.20924264682061852 5.295906157204535e-05
0.2095129068409941 4.30872833281577e-05
0.20978351593207645 5.344628719947012e-05
0.210054474544729 3.9607104011643335e-05
0.21032578313039751 4.328076622937106e-05
0.21059744214111087 6.183246855688086e-05
0.21086945202948174 4.20841457259175e-05
0.21114181324870743 6.386716676702298e-05
0.2114145262525706 4.205175772233422e-05
0.21168759149544 0.00010677127954509207
0.2119610094322713 8.454358727994651e-05
0.21223478051860775 5.139098196740033e-05
0.21250890521058097 4.029124588293535e-05
0.21278338396491178 6.97944867256649e-05
0.21305821723891086 8.39800139850727e-05
0.21333340549047955 7.680368178386461e-05
0.21360894917811066 0.00010245054275420864
0.21388484876088917 5.354207839158791e-05
0.21416110469849303 8.182369530392286e-05
0.21443771745119392 5.9100304412770924e-05
0.214714687479858 6.163425342520763e-05
0.21499201524594666 5.4160775009958055e-05
0.21526970121151737 6.127952299458165e-05
0.2155477458392244 6.751900976518477e-05
0.21582614959231952 4.5415239562381113e-05
0.21610491293465292 5.466018777116282e-05
0.21638403633067385 6.14400537922686e-05
0.21666352024543148 4.025032953922037e-05
0.21694336514457566 6.376083113494575e-05
0.21722357149435761 6.213770159998089e-05
0.2175041397616308 7.874728706223687e-05
0.21778507041385173 4.982293576974311e-05
0.21806636391908063 8.887662098740372e-05
0.21834802074598228 6.724763365936649e-05
0.21863004136382683 6.444675598548642e-05
0.21891242624249047 0.00012480230231221685
0.21919517585245638 7.045198218262826e-05
0.21947829066481533 0.0001167286103598877
0.21976177115126663 8.67765283161038e-05
0.22004561778411885 6.567756831239226e-05
0.2203298310362905 0.00011912979775004307
0.220614411381311 0.000116790159975418
0.22089935929332136 6.284103657642065e-05
0.22118467524707502 6.345074939755509e-05
0.2214703597179386 8.01168686779943e-05
0.22175641318189265 4.527652047774663e-05
0.22204283611553263 9.272342265437982e-05
0.22232962899606945 0.0001328961430145399
0.22261679230133047 0.00012803612062540413
0.22290432650976016 0.00010820463237502485
0.22319223210042102 0.00021135654329348103
0.22348050955299426 0.0002767250898796404
0.22376915934778066 0.00020637068682314845
0.2240581819657014 0.00028763245810706716
0.22434757788829876 0.00011406051724565581
0.224637347597737 0.0002293014349521483
0.22492749157680322 0.0002069219628232203
0.225218010308908 0.00014478401078404452
0.22550890427808634 0.0001570166671487174
0.22580017396899843 0.00010216985519304828
0.22609181986693044 8.114158194330443e-05
0.22638384245779536 9.379788881675937e-05
0.22667624222813373 0.00011648833672064231
0.2269690196651146 0.00013624610984113775
0.2272621752565362 0.00012964503768299134
0.2275557094908268 0.00010376943902788943
0.22784962285704555 0.0001642672988838988
0.22814391584488328 0.0001861872197076225
0.22843858894466326 0.00013824991315027483
0.22873364264734214 0.00013222466048768311
0.22902907744451065 0.00012332228647626584
0.22932489382839447 0.00016343902345077822
0.229621092291855 0.000206148062983269
0.22991767332839036 7.305178254054476e-05
0.23021463743213594 0.00010745933161798789
0.2305119850978654 0.0001890863797070989
0.23080971682099147 0.00022576540686746935
0.23110783309756677 0.00014800611427337077
0.2314063344242846 0.00019728606949897642
0.23170522129847979 0.0002491229232319237
0.23200449421812958 0.00011784303825025231
0.23230415368185434 0.00022453385663178836
0.2326042001889185 0.00016749968696633667
0.23290463423923136 0.0002938663240747734
0.23320545633334788 0.00021511298510077143
0.23350666697246955 0.00025685107963241947
0.23380826665844517 0.00021439107515103562
0.23411025589377188 0.0003900341033823574
0.23441263518159566 0.00011411540878516716
0.23471540502571248 0.00015050573879579044
0.235018565930569 0.00025820899816671286
0.23532211840126338 0.00022215795209154735
0.23562606294354627 0.00016639194857942885
0.23593040006382143 0.00017383893752155943
0.23623513026914678 0.0002948058005084203
0.2365402540672351 0.00019502557592082794
0.23684577196645507 0.00017729602392627797
0.2371516844758318 0.000222507654197396
0.23745799210504795 0.00018336317209130456
0.23776469536444453 0.00035320794464505263
0.2380717947650217 0.00020780042197622968
0.23837929081843953 0.0002395832960337477
0.2386871840370191 0.0002850208591465365
0.2389954749337431 0.00021948426381690725
0.23930416402225688 0.00024799470193125387
0.23961325181686913 0.00020258685916854416
0.23992273883255288 0.00031534736312196343
0.24023262558494632 0.00038156707467474195
0.24054291259035362 0.0002379863908192129
0.2408536003657458 0.00035742806073706535
0.24116468942876162 0.00025214212978177535
0.24147618029770843 0.00018133296665892205
0.24178807349156306 0.0003461316909135084
0.24210036952997258 0.0004501059293271218
0.2424130689332553 0.00036965920647537244
0.24272617222240156 0.0005919330219038061
0.24303967991907463 0.00046670177683065056
0.2433535925456116 0.0003766976155083951
0.2436679106250241 0.0003870174487084816
0.2439826346809994 0.00029803141124118816
0.24429776523790112 0.00036541954492077335
0.24461330282077018 0.00047743888832455617
0.24492924795532564 0.0003955936517534973
0.24524560116796554 0.0004248763235575492
0.2455623629857679 0.0006810014971200711
0.24587953393649145 0.00038492989155435416
0.24619711454857662 0.0002861967103798238
0.24651510535114637 0.00037265231134114396
0.24683350687400707 0.0003976125579403644
0.2471523196476494 0.0003027409095150354
0.24747154420324924 0.0003482586945782135
0.2477911810726685 0.00038992003884258635
0.24811123078845612 0.00025704910618180795
0.2484316938838488 0.00016282467924003582
0.24875257089277208 0.00015224167043877896
0.24907386234984102 0.00012552826659624779
0.24939556879036123 0.00029195625464758146
0.2497176907503298 0.0003167708462949585
0.25004022876643595 0.0003110221374261713
0.2503631833760623 0.00048327625774542
0.2506865551172853 0.00030196026940428506
0.25101034452887677 0.00032619399805549644
0.25133455215030404 0.0002870698075093833
0.25165917852173136 0.00018195686368552597
0.25198422418402067 0.0002695621452087766
0.2523096896787326 0.00014380621066805864
0.252635575548127 0.0002923949996094603
0.25296188233516437 0.00022739970251907843
0.2532886105835064 0.0005479485990404026
0.2536157608375169 0.0004281824874263534
0.25394333364226296 0.000534559412136789
0.2542713295435155 0.00037176829994935867
0.2545997490877505 0.00042494195412874663
0.25492859282214975 0.0003751243597075908
0.2552578612946017 0.0008075320381875975
0.25558755505370256 0.0008431139848347469
0.2559176746487571 0.0008131762940211649
0.2562482206297795 0.0006789822161953808
0.25657919354749437 0.0008241093721264543
0.25691059395333776 0.000754006559489362
0.2572424223994578 0.0012454287063353915
0.25757467943871587 0.0005621168912263414
0.2579073656246874 0.0010768703386060568
0.25824048151166284 0.0008734590903713696
0.25857402765464854 0.0006519580297786709
0.2589080046093678 0.0010031618813356236
0.2592424129322615 0.0008641551861192727
0.25957725318048946 0.0011156835231932404
0.2599125259119309 0.0004949364566742555
0.26024823168518585 0.0012740810481377486
0.26058437105957566 0.0008330908230218225
0.26092094459514414 0.0013755767995041487
0.2612579528526584 0.0007481756706096378
0.26159539639361007 0.0013978893952872554
0.2619332757802157 0.0015093341584390611
0.26227159157541824 0.0010868451823370152
0.26261034434288766 0.0011014022858555996
0.2629495346470219 0.0010919936497956174
0.2632891630529481 0.0014073142312918852
0.26362923012652295 0.002358280015537031
0.26396973643433447 0.00430251477312674
0.2643106825437021 0.0015234889827866077
0.2646520690226783 0.0012958568243553621
0.264993896440049 0.0026574096115254877
0.265336165365335 0.0025626599952128432
0.26567887636879256 0.00273310945210936
0.26602203002141456 0.0024407005027246888
0.2663656268949313 0.0025662548098067586
0.2667096675618117 0.001400778179312543
0.2670541525952638 0.0016280648703071376
0.2673990825692364 0.0036004959533965505
0.2677444580584192 0.002334284004423077
0.2680902796382444 0.002496590314759046
0.2684365478848874 0.005652706028055372
0.2687832633752679 0.004897344111109173
0.26913042668705056 0.0033849144156815124
0.26947803839864626 0.001809997980712612
0.26982609908921296 0.0022453274317091386
0.27017460933865667 0.0038484066830127527
0.27052356972763236 0.0032261508638167405
0.270872980837545 0.002389955349189414
0.2712228432505507 0.0020597285550601648
0.27157315754955713 0.0013717384832407074
0.2719239243182251 0.0005642753901653833
0.2722751441409692 0.001009617567666332
0.2726268176029589 0.0012829965985438866
0.2729789452901195 0.0020510159110171122
0.273331527789133 0.0010949918301501437
0.2736845656874392 0.001149308784288487
0.2740380595732367 0.001446538829289047
0.2743920100354837 0.0010087100695364897
0.27474641766389923 0.0018868246330193564
0.275101283048964 0.0017897004956529048
0.27545660678192124 0.0014535416612274702
0.27581238945477804 0.0023757129267266233
0.276168631660306 0.002408495796607147
0.2765253339920424 0.0035489748712933438
0.2768824970442911 0.002270750074729889
0.2772401214121236 0.0026511635666150047
0.2775982076913801 0.002234213356809224
0.27795675647867013 0.0011556727009988598
0.2783157683713741 0.0019450302709024803
0.2786752439676438 0.0022518660917177032
0.2790351838664037 0.0019148328011311551
0.27939558866735176 0.000904507313852171
0.2797564589709607 0.0007695894517203936
0.28011779537847853 0.0009811910327971738
0.2804795984919301 0.0013784304486260568
0.2808418689141177 0.0026732491043017304
0.28120460724862234 0.0025791159403534417
0.2815678140998044 0.0036719414972357866
0.28193149007280505 0.0041987233625117625
0.282295635773547 0.002954404682559937
0.28266025180873555 0.003219304357563851
0.28302533878585967 0.0028696811742892794
0.283390897313193 0.002017863389139184
0.28375692799979474 0.0022461310837489446
0.28412343145551083 0.0019481330070371785
0.2844904082909748 0.0013348431566559665
0.2848578591176091 0.0009277817030334279
0.2852257845476256 0.00026826337193158924
0.28559418519402713 0.0010152127908764068
0.28596306167060814 0.0015570763271963261
0.2863324145919561 0.0020294106827719073
0.2867022445734519 0.0023258882172350268
0.28707255223127165 0.003166337124401198
0.28744333818238704 0.0029776345848614282
0.28781460304456685 0.00317531478197491
0.28818634743637767 0.0021166878217076033
0.288558571977185 0.00536599956784103
0.2889312772871544 0.005421141780547793
0.28930446398725246 0.004934662257737109
0.28967813269924775 0.011860166692857473
0.2900522840457119 0.012681514889978505
0.29042691865002074 0.015557640344005998
0.2908020371363552 0.011622193937590956
0.2911776401297025 0.006039918519323866
0.2915537282558569 0.015375921625133458
0.29193030214142124 0.010543456831239816
0.29230736241380745 0.010912851918190107
0.29268490970123784 0.00828397740496238
0.2930629446327463 0.012103505648003778
0.29344146783817904 0.00831263562083357
0.2938204799481959 0.004001847833095208
0.2941999815942711 0.00588372943385071
0.2945799734086947 0.006564509561548043
0.29496045602457327 0.006646125492309805
0.29534143007583125 0.006514562452856425
0.2957228961972117 0.006637236052644769
0.2961048550242777 0.012524628099714214
0.29648730719341304 0.005226883727979354
0.2968702533418236 0.0026286089826145463
0.29725369410753827 0.003412617540991652
0.29763763012941 0.012254196861816575
0.2980220620471169 0.007625405746413054
0.2984069905011632 0.0027658727185593704
0.29879241613288066 0.006281774062848454
0.2991783395844291 0.007728825208475723
0.29956476149879785 0.003560393487232294
0.2999516825198069 0.0037818734064904024
0.3003391032921076 0.003361691397645725
0.3007270244611841 0.004427204168853695
0.30111544667335405 0.004875949804924207
0.3015043705757701 0.005717953749362765
0.3018937968164207 0.001977119587383211
0.30228372604413123 0.0029107268373106633
0.302674158908565 0.0053827490335034735
0.30306509606022475 0.007550343728293915
0.30345653815045304 0.011915066947880122
0.3038484858314339 0.003994063971746474
0.30424093975619376 0.005677122210995329
0.3046339005786024 0.004618110453870906
0.30502736895337423 0.005944215931329733
0.30542134553606926 0.007263503512292135
0.30581583098309423 0.002916003956754482
0.3062108259517036 0.013007963922894402
0.306606331100001 0.007879903915340887
0.3070023470869399 0.02679315577876908
0.30739887457232484 0.012349625208002491
0.3077959142168126 0.014988759248645244
0.30819346668191344 0.005675762468806493
0.3085915326299918 0.022495912535444473
0.30899011272426774 0.010592594922795042
0.309389207628818 0.006618853041540257
0.3097888180085769 0.006126330522038363
0.3101889445293377 0.006502083776779281
0.3105895878577537 0.023052134179881452
0.310990748661339 0.03181208430702135
0.3113924276084701 0.0326758702621486
0.31179462536838665 0.025562018606479858
0.3121973426111928 0.026083921629891725
0.31260058000785806 0.02834040972847252
0.3130043382302188 0.03121889807158776
0.31340861795097885 0.013520361025529816
0.3138134198437112 0.030748561564849182
0.31421874458285864 0.023486918451899413
0.31462459284373523 0.01970113938849132
0.31503096530252706 0.04565103073314601
0.31543786263629375 0.030513488874566275
0.3158452855229694 0.01345595272761889
0.31625323464136373 0.022863603569391718
0.31666171067116317 0.01984607042132057
0.31707071429293215 0.02923781279549429
0.31748024618811393 0.03793456306310144
0.31789030703903215 0.02075530275451851
0.3183008975288916 0.014522747884922476
0.3187120183417796 0.03185549124703829
0.3191236701626669 0.022527788556222145
0.31953585367740917 0.014482404748734445
0.3199485695727477 0.02054925718527485
0.320361818536311 0.029706569341369393
0.3207756012566157 0.02564720597357025
0.3211899184230675 0.009494691513925796
0.32160477072596283 0.01350224184082577
0.32202015885648955 0.016858154249312897
0.32243608350672837 0.014766767193124168
0.3228525453696537 0.009650534835295805
0.32326954513913525 0.013216804615154086
0.3236870835099388 0.0186837363536716
0.3241051611777276 0.020675487491494986
0.3245237788390632 0.020002367437572922
0.32494293719140704 0.022061740479603128
0.32536263693312145 0.026859827390207817
0.3257828787634706 0.04958285193322268
0.3262036633826219 0.03801373319055992
0.3266249914916472 0.0411360699209545
0.32704686379252373 0.030008589614546177
0.32746928098813544 0.03766339924282788
0.3278922437822741 0.027609680416322707
0.3283157528796407 0.03756001394029571
0.32873980898584615 0.03540946005638255
0.3291644128074129 0.034226484896932904
0.32958956505177595 0.05423968377521764
0.3300152664272839 0.05322735677877289
0.33044151764320046 0.034081735899874545
0.3308683194097053 0.02849833220681946
0.33129567243789537 0.031807429707198034
0.33172357743978614 0.031814808186472386
0.3321520351283127 0.02506369173656717
0.3325810462173309 0.0416724287238484
0.33301061142161875 0.031768432267379805
0.33344073145687736 0.029844024993619944
0.3338714070397323 0.02759429009586394
0.33430263888773476 0.030517016353864477
0.3347344277193627 0.028542154839964057
0.335166774254022 0.03146350602838834
0.3355996792120479 0.02925255484692735
0.3360331433147059 0.009633943529594553
0.3364671672841931 0.02785133186941664
0.3369017518436396 0.011220344292206847
0.33733689771710906 0.012528996611402839
0.3377726056296008 0.026381460303241785
0.3382088763070503 0.01669397985239465
0.33864571047633085 0.026640059519025
0.3390831088652544 0.017820249340604735
0.339521072202573 0.02297643558749061
0.33995960121798 0.03179106193467084
0.3403986966421113 0.022118628625675048
0.34083835920654626 0.018922823597597862
0.3412785896438094 0.013832849488651662
0.3417193886873713 0.016451709721335965
0.34216075707164983 0.021610578147397624
0.3426026955320115 0.016329534386669894
0.34304520480477263 0.03396769685942649
0.3434882856272006 0.018883546499405417
0.34393193873751493 0.008027959681855207
0.3443761648748888 0.008316300836379987
0.34482096477945007 0.02059356662826613
0.34526633919228245 0.02142688412942489
0.3457122888554269 0.02651082023875004
0.3461588145118828 0.013728225898345436
0.3466059169056093 0.016009173883547462
0.3470535967815263 0.02969126002471156
0.347501854885516 0.008666852821542748
0.34795069196442385 0.03143014459759045
0.34840010876606 0.02776056689958224
0.3488501060392004 0.029390359581625603
0.3493006845335883 0.01831810592070667
0.3497518449999352 0.02171611744918826
0.35020358818992225 0.04030836376524816
0.35065591485620146 0.03471957667178113
0.351108825752397 0.021930281834839794
0.3515623216331064 0.01690034834354546
0.35201640325390193 0.017994361247790924
0.35247107137133166 0.00975113929060885
0.3529263267429208 0.026762584456047855
0.3533821701271731 0.035471016893546946
0.3538386022835719 0.042066391528142746
0.35429562397258163 0.03630647287642985
0.3547532359556488 0.03408022049838154
0.35521143899520347 0.03349334037968892
0.3556702338546605 0.020864678385804997
0.35612962129842074 0.02761532142382935
0.3565896020918723 0.01454797956088217
0.357050177001392 0.009668865767882425
0.35751134679434643 0.01697607878854161
0.35797311223909334 0.007763663946202219
0.35843547410498283 0.009926712003338908
0.3588984331623589 0.017570031083080254
0.3593619901825603 0.01764643268293457
0.35982614593792217 0.04022489091377662
0.36029090120177726 0.02355433144675106
0.360756256748457 0.010924211156039613
0.36122221335329313 0.01741912845578731
0.36168877179261866 0.017495182997186453
0.3621559328437694 0.01705195162115767
0.36262369728508526 0.03529614466280155
0.36309206589591125 0.014862455219734469
0.36356103945659923 0.019736494768690712
0.3640306187485088 0.03783791021210557
0.3645008045540088 0.020284545541518588
0.36497159765647863 0.016476262216600722
0.3654429988403095 0.04159463331273487
0.3659150088909058 0.05705682468615776
0.36638762859468615 0.04773342530999343
0.3668608587390852 0.03133493142832769
0.3673347001125544 0.05769448757245533
0.3678091535045639 0.025526153504072474
0.36828421970560316 0.024185268126885217
0.3687598995071828 0.018543738603282615
0.3692361937018359 0.047149246240035886
0.369713103083119 0.058876196186322186
0.3701906284456137 0.03509927515126155
0.37066877058492775 0.01225596562533408
0.3711475302976968 0.03464801114291519
0.3716269083815852 0.02635268575527328
0.3721069056352876 0.007971142437958644
0.3725875228585303 0.017361780035251587
0.37306876085207263 0.01762575367050272
0.3735506204177079 0.006840721596540534
0.3740331023582654 0.016094272709117098
0.37451620747761116 0.009141134455477883
0.3749999365806494 0.011786170057312667
0.3754842904733241 0.024995313658415477
0.3759692699626202 0.015080904931987193
0.3764548758565649 0.015676736847309473
0.37694110896422917 0.03305160589438908
0.3774279700957288 0.049836567406750173
0.37791546006222604 0.05814698467119607
0.3784035796759309 0.05401602534453771
0.3788923297501024 0.02591863444489139
0.37938171109904983 0.029992724480105645
0.3798717245381345 0.02559906089643116
0.3803623708837707 0.050108073116770915
0.3808536509534272 0.03906406412373704
0.38134556556562876 0.027398036964174057
0.38183811553995717 0.014515867792042059
0.38233130169705287 0.01271596695752579
0.38282512485861636 0.012526592733170876
0.38331958584740927 0.012772936968975331
0.38381468548725606 0.013558276078113557
0.3843104246030452 0.02403576756992936
0.3848068040207306 0.03425953490517411
0.3853038245673329 0.03527735437989414
0.3858014870709411 0.010643626798162813
0.38629979236071366 0.02204277853348424
0.3867987412668799 0.03286952939973774
0.38729833462074176 0.027856276151800148
0.38779857325467454 0.023432397247610762
0.3882994580021289 0.03750126742481112
0.3888009896976319 0.01842694364901033
0.3893031691767885 0.036148385288951645
0.3898059972762829 0.0223961349478499
0.39030947483388007 0.026687524175778597
0.3908136026884269 0.041877621290399014
0.39131838167985394 0.061013427300882175
0.3918238126491763 0.032042610738301266
0.39232989643849575 0.025257233669409632
0.3928366338910014 0.01764242598213375
0.39334402585097156 0.010201810823811913
0.39385207316377496 0.029975585572411544
0.3943607766758724 0.028141511857892706
0.3948701372348177 0.040678364293841925
0.3953801556892596 0.05939460560147854
0.39589083288894295 0.035376406350828005
0.39640216968471 0.021749922919324594
0.396914166928502 0.013418932985981707
0.3974268254733608 0.038973106493395186
0.39794014617342965 0.06685235648049734
0.39845412988395545 0.06155206784514442
0.39896877746128934 0.08705454053055794
0.39948408976288885 0.06922520260054699
0.4000000676473189 0.07511294845528847
0.4005167119742532 0.059755020417677225
0.40103402360447604 0.08453607105177363
0.40155200339988345 0.08636602638384593
0.4020706522234846 0.08834811141971803
0.4025899709394034 0.07459078407348374
0.40310996041287994 0.03924301465899618
0.40363062151027174 0.06119360455713193
0.4041519550990553 0.06994810159358049
0.40467396204782774 0.03452220263305848
0.40519664322630794 0.08871802515528565
0.40571999950533805 0.06572098250183199
0.4062440317568852 0.04751047130334293
0.4067687408540426 0.05920864816694893
0.40729412767103124 0.04461741749254128
0.4078201930832012 0.06503033749807487
0.40834693796703325 0.0809346721170659
0.4088743632001402 0.11188405068817751
0.4094024696612683 0.10442724685920875
0.40993125823029897 0.08357039874175219
0.41046072978825 0.09428022608884322
0.41099088521727706 0.08847210278024101
0.41152172540067533 0.09819015494529096
0.41205325122288083 0.087413882457838
0.41258546356947184 0.0870642175105874
0.41311836332717056 0.06512198169125781
0.41365195138384453 0.0809646729922779
0.4141862286285079 0.06455840377836615
0.41472119595132323 0.0806603959842054
0.4152568542436028 0.07858833828599386
0.4157932043978101 0.08747738439093102
0.41633024730756124 0.09742289869524808
0.4168679838676267 0.09442991125841105
0.41740641497393255 0.062433208474409384
0.41794554152356206 0.08767585301727598
0.41848536441475725 0.07441016384064818
0.41902588454692025 0.07440849589028257
0.4195671028206148 0.07997930697320225
0.42010902013756807 0.04309580042765325
0.4206516374006716 0.08960274487462516
0.4211949555139833 0.09046697888104953
0.4217389753827287 0.0725596185080848
0.4222836979133026 0.05800903425084386
0.4228291240132705 0.035607766647101344
0.42337525459137 0.06387608646228903
0.4239220905575125 0.07352848020655234
0.4244696328227848 0.08159535261982895
0.42501788229945026 0.05328986910851039
0.4255668399009506 0.06539134448403865
0.4261165065419074 0.0646471601694306
0.42666688313812356 0.07784670298661717
0.42721797060658473 0.029226236271424608
0.4277697698654611 0.07202112802834107
0.4283222818341087 0.06504197952890424
0.42887550743307107 0.05203828078682441
0.4294294475840806 0.06699627389031246
0.4299841032100603 0.04303869221807898
0.4305394752351253 0.03809227023580554
0.4310955645845842 0.044601573173148924
0.4316523721849408 0.09197217112917679
0.43220989896389556 0.0793637553426962
0.4327681458503472 0.059568962173924836
0.43332711377439415 0.10995155466166272
0.43388680366733623 0.07879105612455238
0.43444721646167617 0.09975113009945832
0.43500835309112107 0.07787913359468486
0.4355702144905839 0.10646737673893018
0.4361328015961855 0.10040266747830603
0.43669611534525543 0.11061522501890471
0.4372601566763342 0.09236939467098344
0.4378249265291744 0.081978411970822
0.43839042584474247 0.048874207815179836
0.4389566555652202 0.07778766283042154
0.4395236166340063 0.09710407578905784
0.440091309995718 0.08827953983004297
0.4406597365961926 0.06368734211486603
0.4412288973824891 0.10101627234272262
0.4417987933028897 0.10145540615557982
0.44236942530690126 0.08834491909495758
0.44294079434525735 0.10203325140923183
0.4435129013699192 0.08561299045366823
0.4440857473340779 0.09867962899083631
0.4446593331921554 0.11078442292884613
0.44523365989980657 0.08887394540281596
0.44580872841392055 0.07780649897771956
0.4463845396926225 0.09126549765738094
0.44696109469527495 0.10190708383568868
0.44753839438247967 0.11732392753264319
0.4481164397160791 0.10741033063112819
0.44869523165915814 0.1160481067704532
0.44927477117604536 0.11188503052693707
0.4498550592323151 0.11248304374444638
0.45043609679478874 0.14017931350766202
0.45101788483153643 0.13921570385278087
0.45160042431187863 0.12450498595529234
0.452183716206388 0.1327201823593261
0.4527677614868905 0.09386554300125571
0.4533525611264676 0.08865223723830203
0.4539381160994574 0.1290579113210436
0.45452442738145654 0.11568885826037936
0.45511149594932176 0.12895416583078848
0.45569932278117153 0.12582789279834827
0.4562879088563876 0.13267868179605413
0.45687725515561683 0.1386239751477264
0.45746736266077254 0.1333491907955887
0.4580582323550364 0.10788783143527336
0.45864986522285994 0.11584474942139594
0.4592422622499662 0.12264593980224686
0.4598354244233515 0.1184840922130295
0.46042935273128677 0.1212726505136849
0.46102404816331954 0.12837804845748116
0.46161951171027543 0.12137228205834874
0.4622157443642599 0.12890101171553917
0.4628127471186596 0.13285205458363222
0.46341052096814445 0.1354539339787918
0.46400906690866905 0.13063899770527151
0.4646083859374744 0.11829044566193683
0.46520847905308943 0.12321088365598663
0.46580934725533296 0.14233740533570832
0.466410991545315 0.13444481915196269
0.4670134129254388 0.12276131015885774
0.46761661239940217 0.12785260143326618
0.4682205909721993 0.12939217894398672
0.4688253496501226 0.12917732400316395
0.4694308894407641 0.14001938908104852
0.4700372113530173 0.12046183083292253
0.4706443163970786 0.12316817985490833
0.4712522055844495 0.12998195983764402
0.4718608799279378 0.1418349755059514
0.4724703404416594 0.13386141293840212
0.47308058814104015 0.12048064416389014
0.47369162404281734 0.12676062491221476
0.4743034491650416 0.12986268323884068
0.4749160645270784 0.14566837400083224
0.47552947114960986 0.12424581345492125
0.47614367005463637 0.13108683765438328
0.4767586622654785 0.12879204498813074
0.4773744488067784 0.1393701451262375
0.47799103070450166 0.14611518111994157
0.47860840898593915 0.1235687433234287
0.4792265846797084 0.13149636341211854
0.4798455588157558 0.13043935124097422
0.4804653324253577 0.13043554555793702
0.4810859065411227 0.12438566997619262
0.48170728219699305 0.1355650689089763
0.4823294604282464 0.13077563552889976
0.48295244227149764 0.13015491383819847
0.4835762287647006 0.13146922053100762
0.48420082094714956 0.12131681083424192
0.4848262198594814 0.13944299382123423
0.48545242654367693 0.12711025594549202
0.48607944204306286 0.108049863608554
0.48670726740231346 0.1230865141518517
0.4873359036674524 0.10381807949547887
0.48796535188585416 0.11719527835072843
0.48859561310624633 0.1180382166419805
0.4892266883787108 0.1100629425574625
0.4898585787546859 0.1444649005693713
0.49049128528696795 0.12458510975031133
0.4911248090297131 0.12407078097126523
0.49175915103843904 0.1017247490768489
0.49239431237002673 0.1183319684521579
0.49303029408272236 0.14123641402464168
0.49366709723613883 0.10919981054162167
0.4943047228912576 0.1333185589099625
0.4949431721104307 0.1417049383573502
0.49558244595738216 0.1045759821441179
0.4962225454972099 0.13874065600737748
0.4968634717963876 0.1256030189080134
0.4975052259227665 0.13812946873285412
0.4981478089455769 0.09843258820290646
0.49879122193543024 0.11752047956255016
0.49943546596432076 0.1129733166336125
0.5000805421056272 0.11218586196504866
0.500726451434115 0.10462309244884872
0.5013731950259372 0.08119390161809675
0.5020207739586375 0.10741946753346711
0.5026691893111509 0.12584524583584672
0.5033184421638061 0.1277008071081776
0.5039685335983272 0.09655713261840239
0.5046194646978353 0.12487032751181297
0.5052712365468507 0.1010856034739051
0.5059238502312943 0.1282129875403218
0.5065773068384898 0.10974048294150116
0.507231607457165 0.11360025666254363
0.5078867531774541 0.09891402937922311
0.5085427450908995 0.09838054617669478
0.509199584290453 0.1204309806537963
0.5098572718704785 0.1122633651848657
0.5105158089267531 0.100062140831806
0.5111751965564693 0.10476744191748642
0.5118354358582369 0.11200192545300414
0.5124965279320843 0.08529053852518752
0.5131584738794613 0.10127647788212776
0.5138212748032398 0.09650772862507016
0.5144849318077164 0.08958850665919067
0.515149445998614 0.09535345232465718
0.5158148184830837 0.10613450200595893
0.5164810503697066 0.07044895039385077
0.5171481427684955 0.05460322106875529
0.5178160967908972 0.08972232188562784
0.5184849135497938 0.06219999269280367
0.5191545941595049 0.08575488068984875
0.5198251397357894 0.11133395448207509
0.5204965513958473 0.08256714926070298
0.5211688302583215 0.09870608215637203
0.5218419774432999 0.1123424089549895
0.522515994072317 0.10046746828163433
0.523190881268356 0.10944416815295653
0.5238666401558505 0.13423622037023425
0.5245432718606864 0.12478513411464799
0.5252207775102038 0.12986505937467147
0.5258991582331989 0.12075611900815156
0.5265784151599259 0.07626683283740048
0.5272585494220988 0.07772927974245367
0.5279395621528935 0.12423974984357286
0.5286214544869493 0.12862442739833174
0.529304227560371 0.13531620934803504
0.5299878825107309 0.1124713083630111
0.5306724204770709 0.14094808939015366
0.5313578425999034 0.13902788989001486
0.5320441500212145 0.13296859238024553
0.5327313438844651 0.07395316810070289
0.533419425334593 0.12325184792601535
0.5341083955180147 0.11408754781336387
0.5347982555826277 0.12427950992789218
0.535489006677812 0.14245956777285762
0.5361806499544318 0.1347556361404517
0.5368731865648385 0.09211106060536506
0.5375666176628714 0.12871755529394308
0.53826094440386 0.12749391479384437
0.5389561679446264 0.13009227694970968
0.5396522894434866 0.1004253837736185
0.540349310060253 0.09253779879428142
0.5410472309562355 0.11280153527685173
0.5417460532942445 0.12770683283617307
0.5424457782385921 0.12503796455425814
0.5431464069550941 0.08692187163115421
0.5438479406110722 0.13081192641271136
0.5445503803753559 0.10600628786987597
0.5452537274182842 0.1187012381166286
0.5459579829117078 0.12750740350441694
0.5466631480289911 0.13498478753765078
0.5473692239450139 0.12037346399143599
0.5480762118361733 0.1330986856748529
0.5487841128803863 0.1296986374669345
0.5494929282570911 0.1259560908942767
0.550202659147249 0.13094916799461048
0.5509133067333469 0.12029630551008959
0.5516248721993993 0.13413868994129055
0.5523373567309493 0.1355434183868021
0.5530507615150719 0.12603286134271477
0.5537650877403749 0.1383920868173473
0.5544803365970017 0.14093249354971638
0.5551965092766324 0.13461537844228058
0.5559136069724869 0.13511922644865723
0.5566316308793258 0.12490083951612085
0.557350582193453 0.12304578914756233
0.5580704621127176 0.13539463126978238
0.5587912718365159 0.10607354748910683
0.5595130125657932 0.11688598498387885
0.5602356855030461 0.12529847816974948
0.5609592918523243 0.14396911864102552
0.5616838328192326 0.11921116541578136
0.5624093096109333 0.13386366256801133
0.5631357234361473 0.1421169930120704
0.563863075505157 0.13759502369055732
0.5645913670298083 0.13822929032713152
0.565320599223512 0.1344501089747115
0.566050773301246 0.125124085676298
0.566781890479558 0.13991424746622924
0.5675139519765664 0.1425708415884736
0.5682469590119634 0.13762830451140234
0.5689809128070165 0.13647794190991558
0.5697158145845702 0.13936275953200009
0.570451665569049 0.1294550870315439
0.5711884669864588 0.12461982682567369
0.5719262200643883 0.1415165196932044
0.5726649260320128 0.1429299630766921
0.5734045861200945 0.14216395430466225
0.5741452015609856 0.1413290685603833
0.5748867735886298 0.137692572257126
0.5756293034385648 0.1349683704235134
0.5763727923479239 0.1366111937729787
0.5771172415554385 0.14248955952580297
0.57786265230144 0.13711601146623875
0.5786090258278614 0.13101352719522502
0.5793563633782405 0.13862989571257792
0.5801046661977204 0.14032315027975878
0.5808539355330532 0.1385454508753194
0.581604172632601 0.14077108142897155
0.5823553787463382 0.14419664057098358
0.5831075551258539 0.14085996558949693
0.5838607030243536 0.14143665118800056
0.5846148236966615 0.14041818089653826
0.5853699183992227 0.13290581967032297
0.5861259883901049 0.13091989405919624
0.5868830349290007 0.13699485849266124
0.5876410592772301 0.1407421776600755
0.5884000626977419 0.1370730090837348
0.5891600464551162 0.10629496487035967
0.5899210118155666 0.12120950564154653
0.5906829600469419 0.13999092104027186
0.5914458924187286 0.13426699837580058
0.592209810202053 0.137835567117779
0.592974714669683 0.1334568728022482
0.5937406070960306 0.13692083755233062
0.5945074887571536 0.1377565701468461
0.5952753609307583 0.1364424821642258
0.596044224896201 0.13885351942631424
0.5968140819344906 0.13947593417599013
0.5975849333282904 0.13448952470576894
0.5983567803619207 0.13179259229915177
0.5991296243213603 0.139145922021769
0.5999034664942493 0.1371343797937065
0.6006783081698907 0.13122144997563198
0.6014541506392527 0.13311438680271862
0.6022309951949713 0.12824104864575017
0.6030088431313516 0.13416040312418545
0.6037876957443711 0.1390794939557061
0.6045675543316804 0.14061760480596155
0.6053484201926067 0.13487881917985242
0.6061302946281554 0.135788119999609
0.606913178941012 0.1351640649234764
0.6076970744355448 0.13641270336947378
0.6084819824178068 0.13366030015335675
0.6092679041955378 0.13367244308036558
0.6100548410781669 0.12528415196273254
0.6108427943768142 0.13384477438577427
0.6116317654042935 0.13461594021216094
0.6124217554751141 0.12277404925943393
0.6132127659054832 0.13231803513448814
0.6140047980133081 0.11831014608151724
0.614797853118198 0.13195791904269202
0.6155919325414669 0.12627673889746793
0.6163870376061353 0.11135646679608296
0.6171831696369325 0.12346203397586332
0.6179803299602988 0.13421180648464406
0.6187785199043878 0.12569971654745343
0.6195777407990685 0.13276653052525428
0.6203779939759275 0.13352794578939114
0.6211792807682718 0.12856144705787612
0.6219816025111297 0.1301659098666507
0.6227849605412543 0.12483471929597025
0.6235893561971254 0.1297214402707709
0.6243947908189514 0.12169720767460454
0.6252012657486716 0.12202804688387425
0.6260087823299588 0.12293141388425802
0.6268173419082212 0.1282564033364357
0.6276269458306047 0.12689863983728314
0.6284375954459953 0.12633148650849985
0.6292492921050211 0.12707007029489426
0.6300620371600548 0.1237464975156428
0.6308758319652158 0.1320060974317395
0.6316906778763725 0.12000407559128319
0.6325065762511444 0.1308080943874779
0.6333235284489048 0.1254244578698869
0.6341415358307828 0.12970917313152822
0.634960599759665 0.13280461832781898
0.635780721600199 0.12697702709812544
0.6366019027187947 0.12868908940109136
0.6374241444836267 0.1317694234389852
0.6382474482646371 0.1289147963542066
0.6390718154335371 0.12680616125153532
0.6398972473638099 0.12210564479791694
0.6407237454307124 0.1279630059828038
0.6415513110112782 0.12449585200369251
0.6423799454843191 0.12432206657915938
0.643209650230428 0.12653470334306371
0.6440404266319809 0.11857443325988513
0.6448722760731393 0.12711525976904223
0.6457051999398528 0.126965763924781
0.6465391996198605 0.11913964381355725
0.6473742765026943 0.12419319596251635
0.648210431979681 0.1284739025180384
0.649047667443944 0.12106793056519508
0.6498859842904064 0.11341277976358913
0.650725383915793 0.12663616972178596
0.6515658677186326 0.12859920965504734
0.65240743709926 0.12993922820123066
0.6532500934598191 0.12836964693464792
0.6540938382042647 0.1279826976776877
0.6549386727383651 0.12345638842345374
0.655784598469704 0.12098692663459763
0.6566316168076834 0.11592629624194072
0.6574797291635256 0.12370065933799403
0.6583289369502757 0.1271924369674481
0.6591792415828037 0.12232911712726657
0.6600306444778076 0.12765834964820635
0.6608831470538145 0.1251273856683224
0.6617367507311841 0.12873336021004725
0.6625914569321106 0.12620555173073386
0.6634472670806253 0.1226885569215104
0.6643041826025985 0.1253077261092342
0.6651622049257422 0.12709049914309198
0.6660213354796125 0.12426066840178841
0.666881575695612 0.1260081336888364
0.6677429270069922 0.12224440087939639
0.6686053908488555 0.12706362150977527
0.6694689686581581 0.12385196624383205
0.6703336618737122 0.12291126656363777
0.6711994719361882 0.11524953771233047
0.6720664002881177 0.12248594899916736
0.6729344483738949 0.12386341247044112
0.6738036176397801 0.1254317662975791
0.6746739095339015 0.12262492552585902
0.6755453255062573 0.12480859085554821
0.6764178670087191 0.12307280125010657
0.6772915354950335 0.12335133899035956
0.6781663324208247 0.12334225618120402
0.6790422592435971 0.12300419352982034
0.6799193174227377 0.12246512606460296
0.6807975084195184 0.12195863044546759
0.6816768336970983 0.12202147039547867
0.6825572947205266 0.12318970644653987
0.6834388929567448 0.1228763602191507
0.6843216298745888 0.11915846924869741
0.6852055069447919 0.12031243702919465
0.686090525639987 0.12071721945569308
0.686976687434709 0.12208858817071125
0.6878639938053974 0.12027583106569925
0.6887524462303988 0.12200061088569791
0.6896420461899688 0.12228104725369797
0.6905327951662754 0.12192984320911228
0.6914246946434008 0.11922336575125178
0.6923177461073441 0.11902163374353843
0.6932119510460234 0.12010772209286827
0.6941073109492792 0.1184716465857174
0.6950038273088759 0.11904760769690671
0.6959015016185046 0.12060495474793465
0.6968003353737862 0.11900345133740742
0.6977003300722725 0.11463625916709265
0.6986014872134505 0.1193209163025617
0.6995038082987433 0.11936498807592566
0.7004072948315134 0.1158585314743214
0.7013119483170653 0.11535661244752358
0.7022177702626474 0.1155987974360818
0.7031247621774551 0.11674424592960446
0.7040329255726332 0.11741931872577491
0.704942261961278 0.1184706130088946
0.7058527728584403 0.11742091097360238
0.7067644597811278 0.1161114760176297
0.7076773242483075 0.1193186511203708
0.7085913677809084 0.11358745087316882
0.7095065919018239 0.11740430879262548
0.7104229981359143 0.11675304310088198
0.7113405880100095 0.11464546179344406
0.7122593630529116 0.11467688806943999
0.7131793247953971 0.11165076877484574
0.7141004747702199 0.11480938252307522
0.7150228145121131 0.10899646832840303
0.7159463455577929 0.11484865932879487
0.7168710694459597 0.11299716771870882
0.7177969877173015 0.11154031191759226
0.7187241019144962 0.10832567648938694
0.7196524135822144 0.11307384442465086
0.7205819242671219 0.10749535466346279
0.7215126355178816 0.11439371258906347
0.7224445488851574 0.1128589662148407
0.7233776659216156 0.11541878361080743
0.7243119881819281 0.11370019293405406
0.7252475172227748 0.11302611257678426
0.7261842546028463 0.11230567090597442
0.7271222018828462 0.11378038662337281
0.7280613606254942 0.11129882034839793
0.7290017323955282 0.10791668917402275
0.7299433187597074 0.11213463941990987
0.7308861212868143 0.10994906132072708
0.7318301415476578 0.11222267350593426
0.7327753811150759 0.1075284073930036
0.7337218415639377 0.11294431055955456
0.7346695244711468 0.1122866883432123
0.7356184314156431 0.10961597492203613
0.7365685639784064 0.10932333070754907
0.7375199237424581 0.11323471251172416
0.7384725122928644 0.10598644080799074
0.7394263312167387 0.11015762926814426
0.7403813821032447 0.10871940066370515
0.741337666543598 0.10464102068859467
0.7422951861310702 0.10654649785789735
0.7432539424609902 0.11095529525976643
0.7442139371307476 0.10625494555274871
0.7451751717397954 0.10991013094409602
0.7461376478896523 0.10833658871196086
0.7471013671839055 0.1103412071594545
0.7480663312282135 0.10995847496604876
0.7490325416303087 0.10614291239778724
0.75 0.10706393950220905
0.7535957271382807 0.10919591073496843
0.7572086932814319 0.10720693220706713
0.760838981078464 0.106889952965625
0.7644866735746316 0.10642559538571997
0.7681518542133332 0.10505804369676931
0.7718346068380205 0.10547247711519643
0.7755350156941161 0.10476366677097385
0.7792531654309404 0.10418379808335668
0.7829891411036486 0.10342844602090069
0.7867430281751758 0.10361994850674511
0.7905149125181926 0.10124643763333423
0.7943048804170689 0.09792842603840733
0.7981130185698482 0.09999860431162501
0.8019394140902304 0.09998333661620284
0.8057841545095653 0.09791188227510236
0.8096473277788541 0.09678595755255445
0.8135290222707618 0.09773808858688447
0.817429326781639 0.09630809307928702
0.8213483305335527 0.0926519638036057
0.8252861231763274 0.09586850845294771
0.8292427947895962 0.0944627909055916
0.833218435884861 0.09127117479079806
0.8372131374075636 0.0910817630984851
0.8412269907391655 0.09241807850790387
0.8452600876992389 0.09071610779114443
0.8493125205475665 0.0905627425409717
0.8533843819862523 0.08533844828373739
0.8574757651618428 0.09065415868345617
0.8615867636674567 0.08919186366041479
0.8657174715449266 0.08461569677525192
0.8698679832869504 0.08489282325219866
0.8740383938392522 0.0869290412950796
0.8782287986027549 0.08631826076901064
0.8824392934357623 0.08263229008147664
0.8866699746561519 0.08619211200321542
0.8909209390435782 0.08595448736870312
0.8951922838416869 0.08522770837850815
0.8994841067603389 0.0826152391597163
0.9037965059778459 0.0840616625926397
0.9081295801432163 0.08192783095066161
0.9124834283784115 0.08225791827314376
0.9168581502806137 0.08043660763431869
0.9212538459245041 0.07871033579519757
0.9256706158645523 0.07788471676690627
0.9301085611373164 0.0786124688340774
0.9345677832637547 0.07823089642713078
0.939048384251547 0.07714052603648794
0.9435504665974296 0.07448860794936156
0.9480741332895386 0.07661619728904329
0.9526194878097667 0.07556189269606604
0.9571866341361301 0.075266030050686
0.9617756767451472 0.07420511256636923
0.9663867206142283 0.07376965657413799
0.9710198712240771 0.07360867847731686
0.975675234561104 0.07265287656935467
0.9803529171198504 0.07253841641644425
0.9850530259054243 0.07260722366960617
0.9897756684359491 0.0719038766910092
0.9945209527450225 0.07140425439400676
0.9992889873841878 0.0709381162843022
1.0040798814254175 0.07005720477889454
1.0088937444636081 0.06980266917055529
1.0137306866190874 0.06924961080522954
1.018590818540133 0.06831986743036565
1.023474251405504 0.06810281202363054
1.0283810969269844 0.06777816930549331
1.033311467351938 0.06658431910711128
1.0382654754658764 0.0661849851226795
1.04324323459504 0.06618308706411903
1.048244858608988 0.06532418061749014
1.053270461923206 0.06517722583417987
1.0583201595017215 0.06318239374165438
1.0633940668597348 0.0639287875479873
1.0684923000662603 0.06184968076225968
1.0736149757467832 0.06180370016657858
1.0787622110859263 0.06062657220601569
1.0839341238301308 0.06047606716604062
1.08913083229035 0.05973352127093637
1.0943524553447561 0.05822074767119491
1.099599112441459 0.05741229520001905
1.1048709236012393 0.05811841261937369
1.1101680094202928 0.05797311852271548
1.1154904910729908 0.057768336610007215
1.120838490314651 0.056895085211793865
1.126212129484323 0.05595075990785298
1.1316115315075865 0.05598253543065454
1.1370368198993641 0.055659672636685274
1.142488118766746 0.05478058015857261
1.1479655528118298 0.0553918715265977
1.1534692473345722 0.05521488883185205
1.1589993282356563 0.0534519389084963
1.164555922019371 0.05380374740288133
1.170139155796505 0.053332725057746014
1.1757491572872547 0.05259604146625032
1.181386054824146 0.05112854859319619
1.1870499773549694 0.05131170998962481
1.1927410544457302 0.05212749969506142
1.198459416283613 0.049280871473761305
1.2042051936799583 0.05008871083890355
1.2099785180732563 0.04873436860904349
1.2157795215321532 0.050600111099703624
1.221608336758472 0.04979795263804866
1.2274650970902483 0.049323347935030556
1.2333499365047813 0.04872186957048428
1.2392629896216973 0.0484856368353959
1.24520439170603 0.04808877250914311
1.251174278671315 0.04728619438569935
1.2571727870826976 0.04741336801599587
1.2632000541600594 0.046878770746732475
1.269256217781154 0.0467624759743645
1.2753414164847634 0.0466102234485078
1.281455789473867 0.0450138431326083
1.2875994766188243 0.04545167906126669
1.2937726184605767 0.045100427672075394
1.2999753562138607 0.04488516318921479
1.3062078317704398 0.044515507429720075
1.3124701877023488 0.04250968218518537
1.3187625672651562 0.043701415583827334
1.3250851144012417 0.04362847182360026
1.3314379737430873 0.042532124344601165
1.3378212906165878 0.04264552195720857
1.344235211044374 0.04267801679416234
1.3506798817491539 0.042346852601665305
1.3571554501570673 0.0415940587991567
1.3636620644010609 0.0414430180115563
1.3701998733242753 0.04098503359133584
1.3767690264834496 0.04093150658461949
1.383369674152344 0.040479220751214996
1.3900019673251762 0.040362700314217466
1.3966660577200756 0.039794523571034066
1.4033620977825552 0.039492469710305726
1.4100902406889968 0.03856617596553228
1.4168506403501568 0.038523534570681715
1.4236434514146867 0.03711714090323097
1.4304688292726697 0.037304449990750735
1.4373269300591769 0.037382799649231836
1.4442179106578374 0.03720034321974728
1.4511419287044285 0.03615414794538116
1.4580991425904812 0.036218563471692874
1.465089711466903 0.03609310124926292
1.4721137952476193 0.03535816628298435
1.4791715546132318 0.03572865180699458
1.4862631510146926 0.03366667417672733
1.4933887466769993 0.035180940515906936
1.5005485046029052 0.03241492844683552
1.507742588576648 0.03355383965884643
1.5149711631676968 0.0343852547318541
1.5222343937345164 0.033997164548231915
1.5295324464283502 0.033904024327386914
1.5368654881970212 0.033558968204976655
1.5442336867887507 0.034093265195363695
1.5516372107559953 0.03326948112110956
1.559076229459304 0.03265877761941711
1.5665509130711908 0.0321270554799088
1.5740614325800284 0.029972237462054043
1.5816079597939605 0.0317295854828233
1.5891906673448297 0.030116161761903994
1.5968097286921283 0.03106473240172376
1.604465318126967 0.030933268100320765
1.6121576107760591 0.02995401844474733
1.6198867826057302 0.029753111492683924
1.6276530104259403 0.030596240047869486
1.6354564718943305 0.029371420037758982
1.6432973455202868 0.02895530163409991
1.6511758106690229 0.02889111830178418
1.659092047565683 0.02874766795097444
1.6670462372994663 0.027918877336757957
1.6750385618277683 0.027113871406674074
1.6830692039803423 0.027006623076155593
1.6911383474634845 0.02699467063133336
1.6992461768642333 0.02625640389677755
1.7073928776545937 0.025371649317843612
1.71557863619578 0.025808889826271064
1.7238036397424783 0.02506160681828135
1.7320680764471303 0.024210681328529823
1.7403721353642378 0.024098879420116754
1.7487160064546865 0.02386768168157663
1.757099880590093 0.02375416070758592
1.76552394955717 0.02288409619669662
1.7739884060621127 0.02252588612720363
1.7824934437350097 0.022461007554334046
1.7910392571342704 0.022153150142890064
1.7996260417510752 0.02176275757490873
1.8082539940138498 0.021303494652925095
1.8169233112927565 0.020688340343027106
1.8256341919042098 0.020692567602498088
1.834386835115414 0.020253224765017414
1.8431814411489196 0.019509380678664128
1.8520182111872057 0.019598144377827604
1.86089734737728 0.01933340815823185
1.8698190528353054 0.018753785019257306
1.8787835316512442 0.018169653230927063
1.8877909888935285 0.017778718826036148
1.8968416306137499 0.017841941272881655
1.9059356638513745 0.01778855159502768
1.9150732966384778 0.017299679933028868
1.9242547380045036 0.01711644500325912
1.9334801979810476 0.01677772697557402
1.9427498876066591 0.015858418555882464
1.9520640189316711 0.016027665661354138
1.9614228050230498 0.01596382969201699
1.9708264599692682 0.015718094495656768
1.9802751988852056 0.015227043046616628
1.9897692379170666 0.014907889739855924
1.9993087942473258 0.01493865229493307
2.008894086099697 0.014784281034767104
2.018525332744124 0.014495934423100952
2.0282027545017973 0.014177186351894707
2.037926572750194 0.01389374503139063
2.0476970099281426 0.01385490499322771
2.057514289540909 0.013474028458262441
2.067378636165312 0.012957838256010195
2.0772902754548603 0.013065489749224302
2.0872494341449133 0.012698353738816658
2.097256340057868 0.012644759029079284
2.1073112221083705 0.01242591330538565
2.1174143103085554 0.012081651148908773
2.1275658357733023 0.011996435948049961
2.1377660307255275 0.011821017704347746
2.1480151285014935 0.011656006378964145
2.158313363556147 0.011441813113926546
2.1686609714684835 0.011008999047123635
2.1790581889469363 0.010872869067382648
2.189505253834789 0.010767544228084697
2.2000024051156175 0.010687180019769864
2.21054988291876 0.010338375230427922
2.2211479285248057 0.010308663223448207
2.2317967843711157 0.010150730239029617
2.2424966940573703 0.00990026705442543
2.2532479023511387 0.009760632306981733
2.264050655193483 0.009559005867012386
2.274905199704578 0.00943915909405557
2.2858117841893693 0.009167499578870314
2.2967706581432514 0.008746654958061446
2.307782072257775 0.008855269030689443
2.318846278426381 0.008505679162626907
2.329963529750166 0.008318212286823293
2.3411340805436684 0.008331590469598941
2.352358186340688 0.007901372724404056
2.363636103900131 0.007969248496728776
2.3749680912118825 0.007822703513935355
2.386354407502711 0.007374813544242607
2.3977953132421943 0.007540614484503691
2.4092910701486843 0.007369184902730865
2.4208419411952855 0.007126776439801245
2.4324481906158772 0.007143616326209871
2.4441100839111565 0.006919522021106681
2.455827887854709 0.006733332713470733
2.4676018704991165 0.006755737630447582
2.4794323011820847 0.0064366861694027805
2.491319450532605 0.00639071076360057
2.5032635904771467 0.00640109558011071
2.5152649942458782 0.006228266828957304
2.5273239363789144 0.006197880174402723
2.5394406927325996 0.006040462878360416
2.551615540485817 0.005838396162986737
2.5638487581463285 0.005841581129645408
2.576140625557147 0.005818260752683335
2.5884914239029375 0.005660293789475414
2.6009014357164504 0.0056590570702298925
2.613370944884982 0.0055556035673899416
2.6259002366568716 0.005363007516802785
2.6384895976480247 0.005267804813820784
2.6511393158484706 0.005240605836648175
2.6638496806289487 0.005120838699973405
2.6766209827475325 0.005120975611360051
2.689453514356275 0.005036771190439533
2.7023475690078955 0.004946929728687523
2.7153034416624933 0.004868807269054521
2.7283214286942967 0.0047849070725840305
2.7414018278984416 0.004712772846165226
2.754544938497784 0.0046293418688245986
2.7677510611497445 0.004546230369959733
2.781020497953186 0.004472843647375288
2.794353552455326 0.004408344313580774
2.807750529658678 0.0043293980593808205
2.8212117360280327 0.0042517525721527255
2.834737479497462 0.004177679605239446
2.848328069477369 0.004102945349584097
2.8619838168615646 0.004038020627678854
2.875705034034377 0.003952187190155235
2.8894920348778 0.0038911884554055577
2.9033451347786747 0.0038223759124699436
2.9172646506358997 0.0037561345347349234
2.9312509008676844 0.0036684772170816633
2.9453042054188305 0.0036244546245312653
2.959424885768052 0.0035672670890692752
2.9736132649353313 0.00350471060568822
2.987869667489304 0.0034464403195139707
3.002194419554687 0.0033659672493746473
3.016587848819737 0.0033184437664653794
3.031050284543749 0.003254106082752476
3.0455820575645847 0.0031872665222554847
3.0601835003062456 0.0031418042444583886
3.074854946786472 0.0030883721651348414
3.089596732624388 0.003021601824877703
3.104409195048176 0.0029843388641275577
3.119292672902792 0.0028909817399219795
3.134247506657721 0.0028665509928224486
3.149274038414758 0.0028096262274610127
3.1643726119158395 0.0027649261544643684
3.1795435725509034 0.0027130171356264604
3.194787267365793 0.002670223467360426
3.210104045070193 0.002625463411595635
3.2254942560456112 0.002570442951793079
3.240958252353387 0.002530032199157069
3.2564963877427493 0.002492254337678444
3.272109017658909 0.002448394445002117
3.2877964992511868 0.002387388217442194
3.3035591913811895 0.002355109874591818
3.3193974546310105 0.002272685024810712
3.335311651311486 0.0022616280245743585
3.3513021454704788 0.0022327158355884085
3.3673693029012073 0.0021856306197079187
3.3835134911506133 0.0021471222385747338
3.3997350795277725 0.002074234695421861
3.416034439112336 0.002063662059099683
3.4324119427630264 0.002036199053828989
3.448867965126162 0.001998057695978334
3.4654028826442294 0.0019632100255672007
3.482017073564496 0.0019310457327922535
3.4987109179476596 0.0018906891589795993
3.5154847976765438 0.0018454102555606564
3.5323390964648356 0.0018165271370238567
3.5492741998658603 0.0017903691854819124
3.566290495281402 0.0017537746455519572
3.58338837197057 0.00172293773699688
3.6005682210586953 0.0016992728117873241
3.6178304355462845 0.0016694996290312712
3.6351754103180065 0.0016305925930829278
3.6526035421517284 0.001595211963531632
3.6701152297275876 0.001562572404368037
3.687710873637119 0.0015335093704545114
3.7053908763924124 0.0015131798060235152
3.7231556424353216 0.0014922093217691523
3.7410055781467184 0.0014518137108735988
3.758941091855786 0.0014331392495336081
3.7769625938493654 0.0014128373936584514
3.795070496381332 0.0013910020247403939
3.8132652136820346 0.0013559291297132777
3.8315471619677655 0.00133794975784437
3.849916759450285 0.0013137883316855737
3.8683744263463873 0.0012824646003141008
3.8869205848875135 0.001261739050102746
3.9055556593294094 0.0012426389846777394
3.9242800759618315 0.001221314719333178
3.943094263118298 0.0011973147744024487
3.9619986511858882 0.0011746752118598968
3.980993672615089 0.0011520364789407145
4.000079761929683 0.0011334818760536049
4.019257355736694 0.0011113922349268103
4.03852689273637 0.0010922569364218392
4.057888813732221 0.0010649023692520625
4.077343561641103 0.001040793156154017
4.096891581503353 0.0010347360715297898
4.11653332049296 0.001013870995093194
4.136269227927804 0.0009965638137824626
4.156099755279931 0.0009790255883643636
4.17602535618588 0.000955475737542071
4.19604648645706 0.0009271304283920113
4.216163604090182 0.000925534725185959
4.236377169277727 0.00091084963447299
4.25668764441848 0.000894285937268852
4.277095494128106 0.0008781535080001138
4.2976011852497775 0.0008234435775487372
4.318205186864857 0.0008210965911483662
4.338907970303623 0.0008075311088095711
4.359710009156054 0.0007592657707460082
4.380611779282662 0.0007641987908424199
4.4016137588253805 0.0007300092335608568
4.422716428218497 0.0007139821659390242
4.4439202701996505 0.0007062388960826983
4.465225769820868 0.0006821396135330027
4.486633414459661 0.0006710924202380384
4.50814369383018 0.0006647871263215316
4.529757099994412 0.0006370668389879326
4.551474127373438 0.0006347170848896994
4.5732952727587435 0.000623947241877844
4.595221035323583 0.0006064808297399691
4.617251916634397 0.0005995129059091823
4.639388420662292 0.0005881164219830896
4.661631053794558 0.0005782636296363469
4.683980324846266 0.0005749254355875915
4.706436745071897 0.0005613565577965388
4.729000828177038 0.0005544825061285694
4.751673090330143 0.0005469672290581575
4.774454050174326 0.0005332296023409848
4.79734422883924 0.000525929649949124
4.820344149952989 0.0005210413286651953
4.843454339654107 0.0005080958139792106
4.866675326603597 0.0004999012027764059
4.890007641997023 0.0004940165466451701
4.91345181957666 0.0004820528212473865
4.937008395643709 0.0004717881442696982
4.960677909070557 0.0004662322979824026
4.984460901313109 0.0004586241015438443
5.008357916423177 0.0004467976721901003
5.032369501060916 0.0004432774294169159
5.0564962045073445 0.0004351843721953501
5.0807385786768915 0.0004258876491671994
5.105097178130036 0.00041804556225703837
5.129572560085985 0.00041296797177674217
5.154165284435427 0.0004035789536486615
5.1788759137533305 0.00039876670299841523
5.203705013311826 0.0003904870888678154
5.2286531510931225 0.0003813718444587152
5.253720897802512 0.00037910439206812217
5.27890882688142 0.00036663308830439916
5.304217514520523 0.0003676506065239261
5.329647539672928 0.00035541255814992585
5.355199484067426 0.00035209656863617486
5.380873932221783 0.00034821162039236104
5.406671471456126 0.00033493720527991714
5.432592691906369 0.00033744034819618363
5.458638186537719 0.0003314699884500911
5.484808551158237 0.00032052853950759473
5.511104384432469 0.00031932289862335273
5.537526287895138 0.0003070323867303473
5.5640748659649075 0.00030851570362110835
5.590750725958208 0.0002955625772134572
5.617554478103127 0.00030133087985594243
5.644486735553375 0.0002941095592833526
5.671548114402301 0.0002888099983061743
5.698739233696996 0.0002816994264454368
5.726060715452448 0.00027322821455506694
5.753513184665774 0.0002746701192515332
5.781097269330519 0.0002687702915386945
5.808813600451015 0.00026585412420426996
5.836662812056822 0.00025900804906459
5.864645541217231 0.0002530791141256714
5.892762428055834 0.0002486540983371425
5.921014115765167 0.00024715810301934445
5.949401250621433 0.00023739403051656831
5.977924481999274 0.00023759020366930872
6.0065844623866305 0.00023296610938083133
6.035381847399669 0.00022797177201581975
6.0643172957977765 0.0002246474591801234
6.093391469498636 0.00021913501813218385
6.122605033593362 0.00021415230736990736
6.151958656361717 0.00021261864676822698
6.181453009287397 0.00020978871694484575
6.2110887670734 0.00020462771077791163
6.240866607657446 0.00020238768586415735
6.270787212227504 0.00019861675284503147
6.300851265237357 0.00019535686047185283
6.331059454422269 0.00019153492097939687
6.361412470814716 0.0001874958458973355
6.39191100876019 0.0001835397234807848
6.422555765933088 0.00018076649427254364
6.45334744335267 0.00017730322006572605
6.4842867453990936 0.0001737883941870955
6.515374379829527 0.00017083629610762047
6.546611057794343 0.00016788788818304382
6.57799749385338 0.00016452391149824466
6.609534405992302 0.00016153375448628896
6.6412225156390035 0.0001587600843802807
6.6730625476801295 0.00015564419333527116
6.7050552304776465 0.00015321815659918216
6.737201295885512 0.00014996215899618277
6.769501479266411 0.00014752679198903087
6.801956519508583 0.000144989354152142
6.83456715904272 0.00014220111416564583
6.867334143858949 0.00013955105956004518
6.900258223523903 0.00013707132068007603
6.933340151197861 0.00013410208417121583
6.966580683651985 0.0001321500352654069
6.999980581285625 0.00012950245434755717
7.0335406081437135 0.00012720193431254553
7.067261531934249 0.00012496376827461397
7.101144124045853 0.00012267831536076404
7.135189159565416 0.0001203074211862998
7.169397417295837 0.00011809673151459323
7.203769679773824 0.0001159129632397294
7.238306733287806 0.00011377580774514357
7.2730093678959165 0.00011159136035210834
7.307878377444066 0.0001096382335309103
7.342914559584106 0.00010753646815510722
7.37811871579207 0.00010551268938500758
7.413491651386511 0.00010348553208283934
7.449034175546921 0.00010139028514477895
7.484747101332247 9.966475010300143e-05
7.520631245699485 9.788976793956696e-05
7.556687429522369 9.598989641402284e-05
7.592916477610153 9.437277441112013e-05
7.629319218726471 9.25528706978709e-05
7.665896485608313 9.05676180893735e-05
7.702649114985049 8.910150757258945e-05
7.73957794759759 8.749964635348801e-05
7.77668382821761 8.590625173189699e-05
7.813967605666878 8.415700772896492e-05
7.8514301328366685 8.266325383147329e-05
7.8890722667072755 8.119909428846317e-05
7.926894868367619 7.969271169466031e-05
7.964898803034935 7.821364607073401e-05
8.003084940074578 7.672408537307058e-05
8.041454153019895 7.525528694367326e-05
8.080007319592234 7.382530861369031e-05
8.118745321720986 7.253946009111223e-05
8.15766904556379 7.107770412583005e-05
8.196779381526783 6.985373619683685e-05
8.23607722428499 6.85511868299502e-05
8.275563472802773 6.728388517716894e-05
8.315239030354402 6.599989191968255e-05
8.355104804544718 6.476864920391488e-05
8.395161707329892 6.350879944383034e-05
8.435410655038293 6.241037619326275e-05
8.47585256839144 6.121220960836481e-05
8.516488372525082 6.0094985304703974e-05
8.557318997010336 5.8958957217596853e-05
8.598345375874969 5.787810210641755e-05
8.639568447624761 5.679279281782397e-05
8.680989155264971 5.5753558612158944e-05
8.722608446321914 5.471544454216498e-05
8.764427272864628 5.3686355258915304e-05
8.806446591526663 5.2653685337906114e-05
8.84866736352796 5.1664358267618845e-05
8.891090554696834 5.068240241570928e-05
8.933717135492076 4.977731943955346e-05
8.97654808102516 4.877334209228651e-05
9.019584371082525 4.7928979468483654e-05
9.06282699014801 4.704990286492629e-05
9.106276927425366 4.6101497054886526e-05
9.14993517686089 4.529239886131054e-05
9.193802737166154 4.447230469567978e-05
9.237880611840858 4.363777710908317e-05
9.282169809195782 4.282768673208699e-05
9.326671342375855 4.2010137445549455e-05
9.37138622938333 4.122336126115717e-05
9.416315493101063 4.047443026151143e-05
9.461460161315937 3.970682871766862e-05
9.506821266742346 3.89677672302552e-05
9.552399847045825 3.82487830584303e-05
9.5981969448668 3.75323893551787e-05
9.644213607844426 3.6832150107612344e-05
9.690450888640562 3.613712358776153e-05
9.736909844963844 3.540406601669988e-05
9.783591539593884 3.471972253409924e-05
9.830497040405577 3.414601639924579e-05
9.877627420393544 3.3509548434916446e-05
9.924983757696651 3.278865955341443e-05
9.972567135622711 3.226413703828633e-05
10.020378642673224 3.165550259351398e-05
10.068419372568302 3.0871839639779176e-05
10.116690424271683 3.048745768990822e-05
10.165192902015866 2.9926003384169404e-05
10.213927915327382 2.9254717365573528e-05
10.262896579052162 2.8819769164517617e-05
10.31210001338105 2.8283861088926386e-05
10.361539343875423 2.7724460780183727e-05
10.411215701492937 2.7133096891553282e-05
10.461130222613402 2.6717498854981746e-05
10.511284049064788 2.6224769916554357e-05
10.56167832814932 2.573154071412831e-05
10.612314212669743 2.5247657943351762e-05
10.663192860955688 2.4774210570456756e-05
10.714315436890168 2.4269488460656242e-05
10.765683109936202 2.385999073590412e-05
10.817297055163571 2.3404460577119732e-05
10.869158453275698 2.2914982925391102e-05
10.921268490636654 2.2543078681174932e-05
10.973628359298297 2.2123528637329042e-05
11.026239257027544 2.1679198416289845e-05
11.079102387333766 2.1295455162294887e-05
11.132218959496333 2.090145110020923e-05
11.18559018859226 2.0502611183047302e-05
11.239217295524002 2.0124354544740404e-05
11.293101507047401 1.9661442046996454e-05
11.347244055799733 1.9362116615090053e-05
11.401646180327912 1.9013714629903125e-05
11.456309125116817 1.866058120293447e-05
11.511234140617772 1.8303460809132457e-05
11.566422483277135 1.7952064961633963e-05
11.621875415565054 1.762289145803109e-05
11.677594206004335 1.7302055036178002e-05
11.73358012919948 1.697689300717283e-05
11.789834465865818 1.6655719203615535e-05
11.846358502858818 1.6326375146288236e-05
11.903153533203527 1.5984071771730867e-05
11.960220856124144 1.5739559415706137e-05
12.017561777073738 1.5442880501863887e-05
12.075177607764124 1.512502979445864e-05
12.133069666195853 1.4836901782315706e-05
12.191239276688373 1.459128391304315e-05
12.249687769910322 1.4224493195889666e-05
12.308416482909958 1.4048473529075858e-05
12.367426759145774 1.3771108655553795e-05
12.426719948517185 1.3512157032138287e-05
12.48629740739545 1.3273492696576622e-05
12.54616049865467 1.3024039899997509e-05
12.606310591702988 1.2775760272630916e-05
12.666749062513896 1.2516912608638214e-05
12.727477293657726 1.2305259186522644e-05
12.788496674333269 1.2029647878471616e-05
12.849808600399552 1.184133127018747e-05
12.911414474407778 1.1624232097527767e-05
12.973315705633395 1.1401727984693186e-05
13.035513710108367 1.1187377797054831e-05
13.098009910653523 1.095323801760281e-05
13.160805736911131 1.0755009572955258e-05
13.2239026253776 1.0566208223009198e-05
13.287302019436336 1.037134224772065e-05
13.35100536939076 1.0148773249342738e-05
13.415014132497495 9.989515441894347e-06
13.47932977299968 9.801585116085337e-06
13.543953762160495 9.578964968869347e-06
13.608887578296788 9.414128617949937e-06
13.674132706812903 9.258556418035646e-06
13.739690640234688 9.083450891717229e-06
13.805562878243586 8.908030414338327e-06
13.871750927710973 8.747074247989993e-06
13.93825630273263 8.579386317016554e-06
14.00508052466336 8.417667671457695e-06
14.07222512215181 8.206920572924397e-06
14.139691631175433 8.105318764075424e-06
14.207481595075617 7.931378713297497e-06
14.275596564592998 7.803723616783806e-06
14.344038097902937 7.658447569610043e-06
14.412807760651145 7.51471671785722e-06
14.48190712598954 7.374242525100584e-06
14.55133777461218 7.235322033330788e-06
14.621101294791464 7.082660431932106e-06
14.691199282414441 6.958325550671443e-06
14.761633341019332 6.829320068924555e-06
14.832405081832201 6.705794814369283e-06
14.903516123803822 6.577274501568087e-06
14.97496809364671 6.45610627089384e-06
15.046762625872327 6.334882327451021e-06
15.118901362828483 6.215140209270748e-06
15.19138595473689 6.0880514309012375e-06
15.264218059730949 5.954264494966051e-06
15.337399343893628 5.866170246271086e-06
15.41093148129561 5.7583580360506174e-06
15.484816154033581 5.653348182192295e-06
15.55905505226871 5.546538137019852e-06
15.633649874265304 5.442297265742974e-06
15.70860232642967 5.339927758316192e-06
15.78391412334914 5.23930430150346e-06
15.859586987831298 5.131928598528546e-06
15.935622650943388 5.032577260603801e-06
16.01202285205191 4.921456254716514e-06
16.088789338862437 4.855488172906698e-06
16.16592386745954 4.7643641633079475e-06
16.243428202347012 4.674680455204074e-06
16.321304116488204 4.5867954857799804e-06
16.39955339134659 4.500019396517455e-06
16.478177816926518 4.415365042185484e-06
16.55717919181417 4.332277240584597e-06
16.63655932321868 4.238861576085045e-06
16.7163200270135 4.164067087297201e-06
16.796463127777923 4.079995766258099e-06
16.876990458838833 4.010567332624145e-06
16.957903862312623 3.9382165952931835e-06
17.03920518914739 3.865325198604449e-06
17.12089629916519 3.792807348381644e-06
17.202979061104653 3.720743898451637e-06
17.285455352663703 3.6486676908550626e-06
17.36832706054252 3.5793002679243306e-06
17.45159608048669 3.5111105463472505e-06
17.535264317330583 3.4422271534337685e-06
17.619333685040917 3.3830734772787646e-06
17.70380610676055 3.3184306683918753e-06
17.78868351485247 3.249962748520304e-06
17.87396785094398 3.195220779481425e-06
17.959661065971176 3.1355492599332596e-06
18.04576512022349 3.0762002921559215e-06
18.13228198338859 3.016636718218092e-06
18.21921363459743 2.9588410371486137e-06
18.306562062469503 2.900844988803342e-06
18.39432926515836 2.85083525980947e-06
18.482517250397294 2.7930967950878406e-06
18.571128035545286 2.7439418342724384e-06
18.660163647633148 2.6924746741754738e-06
18.749626123409886 2.6364898215051784e-06
18.83951750938929 2.58473548192803e-06
18.92983986189679 2.5431533804226757e-06
19.020595247116432 2.4930046185653103e-06
19.111785741138178 2.4480884881177927e-06
19.203413430005398 2.3998513679940105e-06
19.295480409762593 2.353969634677242e-06
19.38798878650332 2.312180330375837e-06
19.480940676418403 2.268588887424239e-06
19.574338205844317 2.2238582915396235e-06
19.668183511311835 2.1808522496446074e-06
19.76247873959491 2.1426325744172923e-06
19.857226047759777 2.1022372060971365e-06
19.952427603214318 2.0621980362503173e-06
20.048085583757594 2.016082383806969e-06
20.144202177629715 1.980419264084489e-06
20.24077958356187 1.9479904099327993e-06
20.337820010826633 1.9111080591656266e-06
20.435325679288496 1.8735894463337267e-06
20.533298819454657 1.8397427011586928e-06
20.631741672526047 1.8050654943980107e-06
20.730656490448578 1.7709090769154683e-06
20.830045535964686 1.7346353066840833e-06
20.92991108266506 1.7019077591909105e-06
21.030255415040717 1.672262223651456e-06
21.131080828535165 1.6409184704227382e-06
21.232389629596987 1.6094087422989806e-06
21.334184135732578 1.5781098401525353e-06
21.43646667555915 1.5438545285910295e-06
21.539239588858027 1.517446400748109e-06
21.642505226628142 1.491092090791685e-06
21.746265951139836 1.4624462871520977e-06
21.85052413598888 1.434930644180956e-06
21.955282166150788 1.408308087884605e-06
22.060542438035363 1.3821476353299676e-06
22.166307359541545 1.3560648772208266e-06
22.272579350112444 1.3288099673116627e-06
22.379360840790724 1.3031658915839942e-06
22.4866542742742 1.2807313013154016e-06
22.594462104971726 1.25635175344794e-06
22.70278679905933 1.2324581555768074e-06
22.811630834536633 1.2094730973606371e-06
22.920996701283542 1.1866501451210862e-06
23.030886901117206 1.162448386335118e-06
23.141303947849234 1.141682536019616e-06
23.2522503673432 1.1171977117874284e-06
23.363728697572473 1.09869397027745e-06
23.47574148867819 1.0786681482083722e-06
23.58829130302766 1.0583169442051045e-06
23.70138071527295 1.0381152975999189e-06
23.815012312409788 1.018544329040077e-06
23.92918869383675 9.994047975804364e-07
24.043912471414707 9.802566007662513e-07
24.15918626952659 9.607908763129038e-07
24.27501272513741 9.437987870649133e-07
24.39139448785459 9.256030127826502e-07
24.508334219988576 9.0844636471527e-07
24.625834596613718 8.912502901836377e-07
24.743898305629525 8.744082712852175e-07
24.86252804782207 8.577584423697741e-07
24.98172653692583 8.400672246773798e-07
25.101496499685737 8.244622768647412e-07
25.221840675919577 8.08267644227083e-07
25.342761818580637 7.946837237836177e-07
25.46426269382071 7.797029250305391e-07
25.58634608105335 7.650140647728097e-07
25.709014773017465 7.505747293113384e-07
25.832271575841194 7.363779555959153e-07
25.9561193091061 7.224406929133615e-07
26.080560805911706 7.079892236919554e-07
26.205598912940236 6.952760801500315e-07
26.33123649052178 6.818604133662865e-07
26.45747641269972 6.693124262742798e-07
26.584321567296474 6.566438872040587e-07
26.711774855979552 6.442081138227884e-07
26.83983919432794 6.320115615731177e-07
26.968517511898785 6.200762207199853e-07
27.09781275229443 6.083318743860871e-07
27.22772787322973 5.96834713166e-07
27.358265846599704 5.852059406933507e-07
27.489429658547593 5.739746484331675e-07
27.621222309533056 5.635024370682658e-07
27.753646814400888 5.528706289557757e-07
27.886706202449954 5.42462719482932e-07
28.020403517502498 5.321059530071498e-07
28.15474181797378 5.221129686359723e-07
28.289724176942013 5.122349205574574e-07
28.425353682218685 5.022598880692529e-07
28.561633436419193 4.930170049262982e-07
28.698566557033804 4.836921546974824e-07
28.836156176498964 4.744204309901143e-07
28.974405442269013 4.6554959088007875e-07
29.113317516888102 4.567267380376405e-07
29.252895578062578 4.4801585167553535e-07
29.393142818733686 4.3958550216608984e-07
29.534062447150593 4.312191081582005e-07
29.675657686943786 4.231083034588831e-07
29.81793177719882 4.147489453544733e-07
29.960887972530386 4.0723893443725083e-07
30.104529543156804 3.995316262004297e-07
30.248859774974807 3.91935504030004e-07
30.39388196963469 3.8452006700447613e-07
30.539599444615913 3.772509112384531e-07
30.686015533302882 3.700818510541633e-07
30.833133585061283 3.630962027472667e-07
30.980956965314668 3.5612668337997457e-07
31.129489055621452 3.494773634765894e-07
31.278733253752264 3.428585695581899e-07
31.428692973767678 3.363578931286463e-07
31.579371646096302 3.2997556143573803e-07
31.730772717613263 3.237333439074549e-07
31.88289965171905 3.1758291902381107e-07
32.03575592841872 3.1158686526915076e-07
32.18934504440159 3.0567317099636535e-07
32.343670513121104 2.998526453647268e-07
32.498735864875286 2.942068725240468e-07
32.65454464688749 2.8863063292116175e-07
32.8111004233875 2.8315549121279983e-07
32.96840677569314 2.7779652575178643e-07
33.12646730229212 2.725303668082825e-07
33.28528561892441 2.6736121603167347e-07
33.444865358664934 2.622967136447053e-07
33.605210172006664 2.573217500197149e-07
33.76632372694413 2.52444709489344e-07
33.928209709057384 2.476523438963997e-07
34.09087182159624 2.4296581269006187e-07
34.25431378556498 2.383204631934856e-07
34.418539339807566 2.337488311704311e-07
34.583552241093074 2.2939084518598375e-07
34.749356264201666 2.2504688765877112e-07
34.91595520201097 2.2078888459368053e-07
35.08335286558279 2.1660577223449424e-07
35.251553084250325 2.1245276155215517e-07
35.42055970570576 2.084716535618492e-07
35.59037659608828 2.0451095976552604e-07
35.76100764007253 2.006336705221288e-07
35.93245674095742 1.9680370425063083e-07
36.1047278207555 1.9310801200698336e-07
36.2778248202826 1.8944180040542988e-07
36.45175169924805 1.8584094798144505e-07
36.62651243634519 1.823199391496113e-07
36.80211102934244 1.7877870886745342e-07
36.97855149517474 1.7547478929011398e-07
37.15583787003543 1.72148194632134e-07
37.33397420946855 1.6888346340827838e-07
37.51296458846169 1.6567833762533125e-07
37.69281310153913 1.625370888145771e-07
37.87352386285559 1.594552515258819e-07
38.05510100629025 1.5642687033194872e-07
38.237548685541356 1.5346086677998025e-07
38.42087107422127 1.5007459336354173e-07
38.60507236595188 1.476073698153091e-07
38.790156774460606 1.4489418482616746e-07
38.97612853367673 1.4214198308457647e-07
39.16299189782827 1.394470953263995e-07
39.35075114153932 1.3679311186154022e-07
39.5394105599278 1.3420097826166033e-07
39.728974468703726 1.3165905475086232e-07
39.91944720426796 1.288110258769714e-07
40.11083312381136 1.2670515835309337e-07
40.30313660541448 1.2430395710784538e-07
40.49636204814771 1.2193899409520028e-07
40.69051387217193 1.1963083366105437e-07
40.885596518839606 1.173614389523433e-07
41.08161445079639 1.1513301577649327e-07
41.2785721520832 1.1294716822931547e-07
41.476474128238834 1.1080542615686637e-07
41.67532490640297 1.0870006023329612e-07
41.875129035419775 1.0663874617818184e-07
42.075891085942 1.0461548806444901e-07
42.27761565053542 1.0262804326232336e-07
42.48030734378399 1.0067967891045011e-07
42.683970802395386 9.875985607069784e-08
42.88861068530706 9.689369165637045e-08
43.09423167379281 9.505504672496749e-08
43.3008384715699 9.324737683703396e-08
43.508435804906604 9.147501483347865e-08
43.7170284227304 8.97402224385928e-08
43.92662109673653 8.802407011134866e-08
44.13721862149719 8.636677313742542e-08
44.34882581457125 8.472711939814975e-08
44.561447516614365 8.310714097814601e-08
44.775088591489784 8.15338681408184e-08
44.98975392637957 7.999159291126365e-08
45.20544843189644 7.84714216539702e-08
45.42217704219607 7.69827091034703e-08
45.63994471508995 7.552030275641428e-08
45.85875643215886 7.407720211178572e-08
46.07861719886675 7.267943490732569e-08
46.2995320446753 7.110552382215726e-08
46.52150602315893 6.994563610648712e-08
46.74454421212047 6.861645784444096e-08
46.96865171370725 6.731351900920473e-08
47.19383365452783 6.603507526857369e-08
47.42009518576928 6.478129002916807e-08
47.64744148331505 6.355059956374929e-08
47.875877747863306 6.234307951861258e-08
48.10540920504598 6.115607686100211e-08
48.33604110554822 5.99973937537067e-08
48.56777872522858 5.885706607448002e-08
48.80062736523967 5.770932044587434e-08
49.034592352149396 5.6638063256764225e-08
49.26967903806294 5.556644980718638e-08
49.505892800744995 5.4509127803646655e-08
49.74323904374293 5.34747493382674e-08
49.98172319651036 5.2455335566921666e-08
50.221350714531326 5.144123831157325e-08
50.46212707944513 5.048437510005048e-08
50.70405779917171 4.952479898576136e-08
50.94714840803762 4.858282785454836e-08
51.191404466902675 4.766123845321299e-08
51.436831563287136 4.675498459049987e-08
51.683435311499494 4.586637392889345e-08
51.931221352765 4.498733485573024e-08
52.1801953553546 4.413926316092542e-08
52.43036301471465 4.3300495415634726e-08
52.68173005359721 4.247823698658527e-08
52.93430222219094 4.1669533813182574e-08
53.18808529825265 4.087882476559771e-08
53.44308508723947 4.010186862384761e-08
53.69930742244165 3.9339536345039934e-08
53.95675816511598 3.859045150739708e-08
54.21544320461992 3.785799134012967e-08
54.47536845854628 3.71346426102884e-08
54.736539872858565 3.643279644291535e-08
54.998963422027124 3.573717479926838e-08
55.262645109165646 3.506071498318781e-08
55.52759096616858 3.4393819130148705e-08
55.793807053849115 3.3732968503125254e-08
56.06129946207781 3.300057964055563e-08
56.33007430992191 3.246938394299993e-08
56.60013774578532 3.185154729858596e-08
56.87149594754925 3.124660719719444e-08
57.14415512271354 3.0634109110130655e-08
57.4181215085387 3.0069397760299474e-08
57.69340137218847 2.9498294020532252e-08
57.970001010873396 2.893612181372363e-08
58.247926751994676 2.8339178661943672e-08
58.52718495328899 2.7847222339754688e-08
58.80778200297394 2.7317647664605265e-08
59.08972431989419 2.6797598517949173e-08
59.37301835366828 2.6288868798266437e-08
59.657670584836175 2.5788576949037116e-08
59.94368752500752 2.5297823671406875e-08
60.23107571701057 2.481672148747659e-08
60.519841735041894 2.4325538965684483e-08
60.80999218481672 2.3882037069205312e-08
61.101533703720165 2.3426801714448238e-08
61.39447296095888 2.2982346012701753e-08
61.688816657713765 2.2520065805150874e-08
61.984571527293184 2.2116490641480264e-08
62.28174433528703 2.169274180050692e-08
62.5803418797215 2.1283135272271825e-08
62.88037099121457 2.08782723034493e-08
63.18183853313226 2.048116430800615e-08
63.48475140174566 2.00914933324157e-08
63.789116526388675 1.9709394779991068e-08
64.0949408696165 1.9334343871526936e-08
64.402231427365 1.8966675202114392e-08
64.71099522911061 1.860581964973913e-08
65.02123933803122 1.8251263010819026e-08
65.33297085116776 1.790196318562163e-08
65.64619689958649 1.756344255628685e-08
65.96092464854217 1.7229790630349004e-08
66.27716129764197 1.690197033344905e-08
66.59491408101016 1.6580416253074648e-08
66.91419026745358 1.6264945370600366e-08
67.23499716062791 1.5955477906346756e-08
67.55734209920482 1.5651615861555046e-08
67.88123245703977 1.5353949329102264e-08
68.20667564334073 1.5061909193562652e-08
68.53367910283762 1.4775076743832658e-08
68.86225031595268 1.4494232533139704e-08
69.19239679897154 1.4217973272461111e-08
69.52412610421521 1.394802296350798e-08
69.85744582021279 1.3682875620403777e-08
70.19236357187506 1.3421766354994479e-08
70.528887020669 1.3166339546866925e-08
70.86702386479294 1.2915862455273943e-08
71.20678183935267 1.266572409770788e-08
71.54816871653853 1.2428907406636326e-08
71.89119230580299 1.2192410934858453e-08
72.23586045403943 1.1960282499038383e-08
72.58218104576163 1.1732702962645602e-08
72.93016200328408 1.1509290365732209e-08
73.27981128690331 1.1290325909438295e-08
73.63113689507985 1.1075397811904066e-08
73.98414686462132 1.086455330368526e-08
74.3388492708662 1.0657678744223253e-08
74.69525222786862 1.0431822603025421e-08
75.05336388858387 1.0252278536561998e-08
75.41319244505516 1.006063788510741e-08
75.77474612860054 9.869122406326314e-09
76.13803321000184 9.679148705191843e-09
76.50306199969316 9.496942639694226e-09
76.86984084795169 9.315781464958765e-09
77.23837814508805 9.138737727258262e-09
77.60868232163878 8.964729136124729e-09
77.98076184855898 8.794105136667038e-09
78.35462523741583 8.626604158278005e-09
78.73028104058386 8.462322393536753e-09
79.10773785143994 8.30131725579038e-09
79.48700430456054 8.125505413952628e-09
79.86808907591856 7.988103621647507e-09
80.25100088308247 7.836138407172233e-09
80.63574848541508 7.686724959280502e-09
81.02234068427455 7.540542871860238e-09
81.41078632321515 7.396882387605522e-09
81.80109428818997 7.255923577998238e-09
82.19327350775416 7.118062287867925e-09
82.58733295326873 6.982510704062716e-09
82.9832816391065 6.849095552387046e-09
83.38112862285755 6.718310978565012e-09
83.78088300553716 6.5909905748460054e-09
84.1825539317933 6.465560070721301e-09
84.58615059011645 6.342190076260903e-09
84.99168221304917 6.221614174274727e-09
85.399158077398 6.103059300445269e-09
85.80858750444493 5.986666540806057e-09
86.21997986016123 5.872719423622797e-09
86.63334455542154 5.760932739827576e-09
87.04869104621876 5.651077115952326e-09
87.46602883388108 5.543389142129156e-09
87.88536746528854 5.437947838887211e-09
88.3067165330922 5.3344179847014295e-09
88.73008567593281 5.232809972562764e-09
89.1554845786621 5.133007948460524e-09
89.58292297256347 5.035171420852464e-09
90.01241063557545 4.939321394219145e-09
90.4439573925146 4.8451680059685e-09
90.87757311530092 4.7528175590905455e-09
91.31326772318333 4.658823116989372e-09
91.7510511829664 4.573728322624046e-09
92.19093350923895 4.486595315036279e-09
92.63292476460238 4.400982452780257e-09
93.07703505990162 4.317086630967156e-09
93.52327455445568 4.234933634875634e-09
93.97165345629085 4.1542515142288965e-09
94.42218202237332 4.075105142034972e-09
94.87487055884473 3.997327027329551e-09
95.3297294212571 3.921153271455889e-09
95.78676901481035 3.84652704634422e-09
96.24599979459009 3.773188615720851e-09
96.70743226580653 3.701187887443884e-09
97.1710769840354 3.6307321688486145e-09
97.63694455545861 3.5614778320774927e-09
98.10504563710782 3.4936767569470305e-09
98.57539093710726 3.42667370784836e-09
99.04799121491956 3.361880729854242e-09
99.52285728159107 3.2976741503220325e-09
100.0 3.234926573113805e-09
